100,'Urban Weekdays and Saturday',615,,1,1,,,1,29,,1,44,4,,1,1,,2,1,,,1,69,,2,44,4,,1,1,,3,1,,,1,29,,3,44,4,,1,1,,4,1,,,1,69,,4,44,4,,1,1,,5,1,,,1,29,,5,44,4,,1,1,,6,1,,,1,69,,6,44,4,,1,1,,7,1,,,1,29,,7,44,4,,1,1,,8,1,,,1,69,,8,44,4,,1,1,,9,1,,,1,29,,9,44,4,,1,1,,10,1,,,1,69,,10,44,4,,1,1,,11,1,,,1,29,,11,44,4,,1,1,,12,1,,,1,69,,12,44,4,,1,1,,13,1,,,1,29,,13,44,4,,1,1,,14,1,,,1,69,,14,44,4,,1,1,,15,1,,,1,29,,15,44,4,,1,1,,16,1,,,1,69,,16,44,4,,1,1,,17,1,,,1,29,,17,44,4,,1,1,,18,1,,,1,69,,18,44,4,,1,1,,19,1,,,1,29,,19,44,4,,1,1,,20,1,,,1,69,,20,44,4,,1,1,,21,1,,,1,29,,21,44,4,,1,1,,22,1,,,1,69,,22,44,4,,1,1,,23,1,,,1,29,,23,44,4,,1,1,,24,1,,,1,69,,24,44,4,,1,1,,25,1,,,1,29,,25,44,4,,1,1,,26,1,,,1,69,,26,44,4,,1
200,'Urban Weekdays and Saturday',615,,27,1,,,1,29,,27,50,4,,1,1,,28,1,,,1,69,,28,50,4,,1,1,,29,1,,,1,29,,29,50,4,,1,1,,30,1,,,1,69,,30,50,4,,1,1,,31,1,,,1,29,,31,50,4,,1,1,,32,1,,,1,69,,32,50,4,,1,1,,33,1,,,1,29,,33,50,4,,1,1,,34,1,,,1,69,,34,50,4,,1,1,,35,1,,,1,29,,35,50,4,,1,1,,36,1,,,1,69,,36,50,4,,1,1,,37,1,,,1,29,,37,50,4,,1,1,,38,1,,,1,69,,38,50,4,,1,1,,39,1,,,1,29,,39,50,4,,1,1,,40,1,,,1,69,,40,50,4,,1,1,,41,1,,,1,29,,41,50,4,,1,1,,42,1,,,1,69,,42,50,4,,1,1,,43,1,,,1,29,,43,50,4,,1,1,,44,1,,,1,69,,44,50,4,,1,1,,45,1,,,1,29,,45,50,4,,1,1,,46,1,,,1,69,,46,50,4,,1,1,,47,1,,,1,29,,47,50,4,,1,1,,48,1,,,1,69,,48,50,4,,1,1,,49,1,,,1,29,,49,50,4,,1,1,,50,1,,,1,69,,50,50,4,,1,1,,51,1,,,1,29,,51,50,4,,1,1,,52,1,,,1,69,,52,50,4,,1
300,'Urban Weekdays and Saturday',615,,53,1,,,1,29,,53,45,4,,1,1,,54,1,,,1,69,,54,45,4,,1,1,,55,1,,,1,29,,55,45,4,,1,1,,56,1,,,1,69,,56,45,4,,1,1,,57,1,,,1,29,,57,45,4,,1,1,,58,1,,,1,69,,58,45,4,,1,1,,59,1,,,1,29,,59,45,4,,1,1,,60,1,,,1,69,,60,45,4,,1,1,,61,1,,,1,29,,61,45,4,,1,1,,62,1,,,1,69,,62,45,4,,1,1,,63,1,,,1,29,,63,45,4,,1,1,,64,1,,,1,69,,64,45,4,,1,1,,65,1,,,1,29,,65,45,4,,1,1,,66,1,,,1,69,,66,45,4,,1,1,,67,1,,,1,29,,67,45,4,,1,1,,68,1,,,1,69,,68,45,4,,1,1,,69,1,,,1,29,,69,45,4,,1,1,,70,1,,,1,69,,70,45,4,,1,1,,71,1,,,1,29,,71,45,4,,1,1,,72,1,,,1,69,,72,45,4,,1,1,,73,1,,,1,29,,73,45,4,,1,1,,74,1,,,1,69,,74,45,4,,1,1,,75,1,,,1,29,,75,45,4,,1,1,,76,1,,,1,69,,76,45,4,,1,1,,77,1,,,1,29,,77,45,4,,1,1,,78,1,,,1,69,,78,45,4,,1
400,'Urban Weekdays and Saturday',615,,79,1,,,1,29,,79,41,4,,1,1,,80,1,,,1,69,,80,41,4,,1,1,,81,1,,,1,29,,81,41,4,,1,1,,82,1,,,1,69,,82,41,4,,1,1,,83,1,,,1,29,,83,41,4,,1,1,,84,1,,,1,69,,84,41,4,,1,1,,85,1,,,1,29,,85,41,4,,1,1,,86,1,,,1,69,,86,41,4,,1,1,,87,1,,,1,29,,87,41,4,,1,1,,88,1,,,1,69,,88,41,4,,1,1,,89,1,,,1,29,,89,41,4,,1,1,,90,1,,,1,69,,90,41,4,,1,1,,91,1,,,1,29,,91,41,4,,1,1,,92,1,,,1,69,,92,41,4,,1,1,,93,1,,,1,29,,93,41,4,,1,1,,94,1,,,1,69,,94,41,4,,1,1,,95,1,,,1,29,,95,41,4,,1,1,,96,1,,,1,69,,96,41,4,,1,1,,97,1,,,1,29,,97,41,4,,1,1,,98,1,,,1,69,,98,41,4,,1,1,,99,1,,,1,29,,99,41,4,,1,1,,100,1,,,1,69,,100,41,4,,1,1,,101,1,,,1,29,,101,41,4,,1,1,,102,1,,,1,69,,102,41,4,,1,1,,103,1,,,1,29,,103,41,4,,1,1,,104,1,,,1,69,,104,41,4,,1
500,'Urban Weekdays and Saturday',615,,105,1,,,1,42,,105,38,4,,1,43,,106,1,,,1,42,,106,38,4,,1,3,,107,1,,,1,82,,107,38,4,,1,3,,108,1,,,1,82,,108,38,4,,1,3,,109,1,,,1,42,,109,38,4,,1,73,,110,1,,,1,82,,110,38,4,,1,3,,111,1,,,1,42,,111,38,4,,1,43,,112,1,,,1,42,,112,38,4,,1,3,,113,1,,,1,82,,113,38,4,,1,3,,114,1,,,1,82,,114,38,4,,1,3,,115,1,,,1,42,,115,38,4,,1,73,,116,1,,,1,82,,116,38,4,,1,3,,117,1,,,1,42,,117,38,4,,1,43,,118,1,,,1,42,,118,38,4,,1,3,,119,1,,,1,82,,119,38,4,,1,3,,120,1,,,1,82,,120,38,4,,1
1000000,'Inter-Urban Saturdays',840,,121,27,4,,1,270,,122,27,4,,1,730,,123,27,4,,1,270,,124,27,4,,1
1000000,'Inter-Urban Weekdays',840,,125,27,4,,1,270,,126,27,4,,1,330,,129,27,4,,1,400,,127,27,4,,1,270,,128,27,4,,1
1000001,'Inter-Urban Saturdays',615,,130,1,0,6,1,230,,131,1,0,6,1,770,,132,1,0,6,1,230,,133,1,0,6,1
1000001,'Inter-Urban Weekdays',615,,134,1,0,6,1,230,,135,1,0,6,1,370,,138,1,0,6,1,400,,136,1,0,6,1,230,,137,1,0,6,1
3000000,'Inter-Urban Saturdays',844,,139,70,4,,1,270,,140,70,4,,1,730,,141,70,4,,1,270,,142,70,4,,1
3000000,'Inter-Urban Weekdays',844,,143,70,4,,1,270,,144,70,4,,1,330,,145,70,4,,1,400,,146,70,4,,1,270,,147,70,4,,1
3000001,'Inter-Urban Saturdays',615,,148,1,,,1,230,,149,1,,,1,770,,150,1,,,1,230,,151,1,,,1
3000001,'Inter-Urban Weekdays',615,,152,1,,,1,230,,153,1,,,1,370,,154,1,,,1,400,,155,1,,,1,230,,156,1,,,1
4000000,'Inter-Urban Saturdays',615,,157,1,,,1,227,,157,23,4,,1,3,,158,1,,,1,267,,158,23,4,,1,503,,159,1,,,1,227,,159,23,4,,1,3,,160,1,,,1,267,,160,23,4,,1
4000000,'Inter-Urban Weekdays',615,,161,1,,,1,227,,161,23,4,,1,3,,162,1,,,1,267,,162,23,4,,1,103,,163,1,,,1,227,,163,23,4,,1,173,,164,1,,,1,227,,164,23,4,,1,3,,165,1,,,1,267,,165,23,4,,1
