1,100,'Urban Weekdays and Saturday',1,2,3,4,5,6,7,8,9,10,11,12,13,14,15,16,17,18,19,20,21,22,23,24,25,26
2,200,'Urban Weekdays and Saturday',27,28,29,30,31,32,33,34,35,36,37,38,39,40,41,42,43,44,45,46,47,48,49,50,51,52
3,300,'Urban Weekdays and Saturday',53,54,55,56,57,58,59,60,61,62,63,64,65,66,67,68,69,70,71,72,73,74,75,76,77,78
4,400,'Urban Weekdays and Saturday',79,80,81,82,83,84,85,86,87,88,89,90,91,92,93,94,95,96,97,98,99,100,101,102,103,104
5,500,'Urban Weekdays and Saturday',105,106,107,108,109,110,111,112,113,114,115,116,117,118,119,120
10000,1000000,'Inter-Urban Saturdays',121,122,123,124
10000,1000000,'Inter-Urban Weekdays',125,126,127,128,129
10000,1000001,'Inter-Urban Saturdays',130,131,132,133
10000,1000001,'Inter-Urban Weekdays',134,135,136,137,138
30000,3000000,'Inter-Urban Saturdays',139,140,141,142
30000,3000000,'Inter-Urban Weekdays',143,144,145,146,147
30000,3000001,'Inter-Urban Saturdays',148,149,150,151
30000,3000001,'Inter-Urban Weekdays',152,153,154,155,156
40000,4000000,'Inter-Urban Saturdays',157,158,159,160
40000,4000000,'Inter-Urban Weekdays',161,162,163,164,165
