100,1001,1,0,0
100,1007,2,0,0
100,1008,3,0,0
100,1010,4,0,0
100,1011,5,0,0
100,1012,6,0,0
100,1013,7,0,0
100,1015,8,0,0
100,1017,9,0,0
100,1018,10,0,0
100,1019,11,0,0
100,1020,12,0,0
100,1021,13,0,0
100,1022,14,0,0
100,1023,15,0,0
100,1024,16,0,0
100,1026,17,0,0
100,1028,18,0,0
100,1029,19,0,0
100,1030,20,0,0
100,1031,21,0,0
100,1032,22,0,0
100,1034,23,0,0
100,1037,24,0,0
100,1040,25,0,0
100,1041,26,0,0
100,1042,27,0,0
100,1044,28,0,0
100,1045,29,0,0
100,1046,30,0,0
100,1047,31,0,0
100,1048,32,0,0
100,1049,33,0,0
100,1050,34,0,0
100,1051,35,0,0
100,1062,36,0,0
100,1063,37,0,0
100,1055,38,0,0
100,1058,39,0,0
100,1059,40,0,0
100,1060,41,0,0
100,1061,42,0,0
200,1001,1,0,0
200,2002,2,0,0
200,2003,3,0,0
200,2004,4,0,0
200,2006,5,0,0
200,2007,6,0,0
200,2008,7,0,0
200,2009,8,0,0
200,2010,9,0,0
200,2012,10,0,0
200,2013,11,0,0
200,2014,12,0,0
200,2015,13,0,0
200,2016,14,0,0
200,2018,15,0,0
200,2019,16,0,0
200,2020,17,0,0
200,2021,18,0,0
200,2022,19,0,0
200,2023,20,0,0
200,2024,21,0,0
200,2025,22,0,0
200,2027,23,0,0
200,2029,24,0,0
200,2031,25,0,0
200,2032,26,0,0
200,2033,27,0,0
200,2035,28,0,0
200,2036,29,0,0
200,2037,30,0,0
200,2039,31,0,0
200,2040,32,0,0
200,2042,33,0,0
200,2043,34,0,0
200,2044,35,0,0
200,2045,36,0,0
200,2046,37,0,0
200,2047,38,0,0
200,2049,39,0,0
200,2050,40,0,0
200,2051,41,0,0
200,2052,42,0,0
200,2053,43,0,0
200,2054,44,0,0
200,2055,45,0,0
200,2057,46,0,0
300,1001,1,0,0
300,3003,2,0,0
300,3005,3,0,0
300,3006,4,0,0
300,3012,5,0,0
300,3013,6,0,0
300,3014,7,0,0
300,3015,8,0,0
300,3016,9,0,0
300,3017,10,0,0
300,3018,11,0,0
300,3019,12,0,0
300,3020,13,0,0
300,3021,14,0,0
300,3022,15,0,0
300,3023,16,0,0
300,3025,17,0,0
300,3026,18,0,0
300,3027,19,0,0
300,3028,20,0,0
300,3030,21,0,0
300,3031,22,0,0
300,3033,23,0,0
300,3035,24,0,0
300,3037,25,0,0
300,3038,26,0,0
300,3041,27,0,0
300,3042,28,0,0
300,3044,29,0,0
300,3046,30,0,0
300,3048,31,0,0
300,3051,32,0,0
300,3053,33,0,0
300,3055,34,0,0
300,3056,35,0,0
300,3057,36,0,0
300,3059,37,0,0
300,3060,38,0,0
300,3061,39,0,0
300,3062,40,0,0
300,3063,41,0,0
300,3064,42,0,0
300,3066,43,0,0
300,3067,44,0,0
400,1001,1,0,0
400,4002,2,0,0
400,4003,3,0,0
400,4004,4,0,0
400,4005,5,0,0
400,4006,6,0,0
400,4008,7,0,0
400,4009,8,0,0
400,4011,9,0,0
400,4012,10,0,0
400,4013,11,0,0
400,4014,12,0,0
400,4015,13,0,0
400,4016,14,0,0
400,4017,15,0,0
400,4024,16,0,0
400,4025,17,0,0
400,4027,18,0,0
400,4029,19,0,0
400,4030,20,0,0
400,4031,21,0,0
400,4032,22,0,0
400,4033,23,0,0
400,4034,24,0,0
400,4035,25,0,0
400,4051,26,0,0
400,4052,27,0,0
400,4053,28,0,0
400,4054,29,0,0
400,4055,30,0,0
400,4040,31,0,0
400,4041,32,0,0
400,4042,33,0,0
400,4043,34,0,0
400,4044,35,0,0
400,4045,36,0,0
400,4046,37,0,0
400,4047,38,0,0
400,4048,39,0,0
400,4049,40,0,0
500,1001,1,0,0
500,5102,2,0,0
500,5103,3,0,0
500,5104,4,0,0
500,5144,5,0,0
500,1008,6,0,0
500,5024,7,0,0
500,1013,8,0,0
500,5108,9,0,0
500,3074,10,0,0
500,4036,11,0,0
500,8008,12,0,0
500,5114,13,0,0
500,5115,14,0,0
500,5116,15,0,0
500,5117,16,0,0
500,5118,17,0,0
500,5119,18,0,0
500,5120,19,0,0
500,5121,20,0,0
500,5122,21,0,0
500,5123,22,0,0
500,5124,23,0,0
500,5125,24,0,0
500,5131,25,0,0
500,5132,26,0,0
500,5133,27,0,0
500,5134,28,0,0
500,4048,29,0,0
500,4049,30,0,0
500,5137,31,0,0
500,5138,32,0,0
500,5139,33,0,0
500,5140,34,0,0
500,5141,35,0,0
500,5142,36,0,0
500,5143,37,0,0
1000000,5014,1,0,0
1000000,5015,2,0,0
1000000,5016,3,0,0
1000000,5010,4,0,0
1000000,5018,5,0,0
1000000,5019,6,0,0
1000000,5005,7,0,0
1000000,5006,8,0,0
1000000,5001,9,0,0
1000000,2024,10,0,0
1000000,1045,11,0,0
1000000,8008,12,0,0
1000000,5022,13,0,0
1000000,5023,14,0,0
1000000,5024,15,0,0
1000000,1001,16,1,1
1000001,1001,1,0,0
1000001,5001,2,0,0
1000001,5005,3,0,0
1000001,5006,4,0,0
1000001,5007,5,0,0
1000001,5008,6,0,0
1000001,5009,7,0,0
1000001,5010,8,0,0
1000001,5011,9,0,0
1000001,5012,10,0,0
1000001,5013,11,0,0
1000001,5014,12,1,1
3000000,6034,1,0,0
3000000,6035,2,0,0
3000000,6036,3,0,0
3000000,6037,4,0,0
3000000,6038,5,0,0
3000000,6039,6,0,0
3000000,6040,7,0,0
3000000,6041,8,0,0
3000000,6042,9,0,0
3000000,6043,10,0,0
3000000,6057,11,0,0
3000000,6044,12,0,0
3000000,6045,13,0,0
3000000,6016,14,0,0
3000000,6017,15,0,0
3000000,6018,16,0,0
3000000,6019,17,0,0
3000000,6020,18,0,0
3000000,6046,19,0,0
3000000,6047,20,0,0
3000000,6048,21,0,0
3000000,6049,22,0,0
3000000,6050,23,0,0
3000000,6051,24,0,0
3000000,6052,25,0,0
3000000,6006,26,0,0
3000000,6007,27,0,0
3000000,6008,28,0,0
3000000,6009,29,0,0
3000000,6053,30,0,0
3000000,6054,31,0,0
3000000,6055,32,0,0
3000000,4047,33,0,0
3000000,5024,34,0,0
3000000,1001,35,1,1
3000001,1001,1,0,0
3000001,5024,2,0,0
3000001,6003,3,0,0
3000001,6004,4,0,0
3000001,6005,5,0,0
3000001,6006,6,0,0
3000001,6007,7,0,0
3000001,6008,8,0,0
3000001,6009,9,0,0
3000001,6010,10,0,0
3000001,6011,11,0,0
3000001,6012,12,0,0
3000001,6013,13,0,0
3000001,6014,14,0,0
3000001,6015,15,0,0
3000001,8010,16,0,0
3000001,6016,17,0,0
3000001,6017,18,0,0
3000001,6018,19,0,0
3000001,6019,20,0,0
3000001,6020,21,0,0
3000001,6021,22,0,0
3000001,6022,23,0,0
3000001,6056,24,0,0
3000001,6023,25,0,0
3000001,6024,26,0,0
3000001,6025,27,0,0
3000001,6026,28,0,0
3000001,6027,29,0,0
3000001,6028,30,0,0
3000001,6029,31,0,0
3000001,6030,32,0,0
3000001,6031,33,0,0
3000001,6032,34,0,0
3000001,6033,35,0,0
3000001,6034,36,1,1
4000000,1001,1,0,0
4000000,6003,2,0,0
4000000,7003,3,0,0
4000000,7004,4,0,0
4000000,7005,5,0,0
4000000,7006,6,0,0
4000000,7007,7,0,0
4000000,7008,8,0,0
4000000,7009,9,0,0
4000000,7010,10,0,0
4000000,7011,11,0,0
4000000,7012,12,0,0
4000000,7013,13,0,0
4000000,7014,14,0,0
4000000,7015,15,0,0
4000000,7016,16,0,0
4000000,7021,17,0,0
4000000,8008,18,0,0
4000000,5022,19,0,0
4000000,5023,20,0,0
4000000,5024,21,0,0
